-=-=-=-=-=-=-=-=-=-=Instances 1=-=-=-=-=-=-=-=-=-=-
(array([13,  3, 20, 25, 26, 22,  6, 14,  1, 23, 19, 16, 21, 10, 15,  2,  5,
       12, 11, 24]), 64)
-=-=-=-=-=-=-=-=-=-=Instances 2=-=-=-=-=-=-=-=-=-=-
(array([ 61,  35,  78,  39, 100,  81,  58,  80, 112,   8,   0,  76, 126,
        57, 119,  97,  42, 103,  19,  62]), 79)
-=-=-=-=-=-=-=-=-=-=Instances 3=-=-=-=-=-=-=-=-=-=-
(array([14, 18,  5, 10, 21, 20,  2, 22,  8,  7,  6, 26,  4, 12, 16,  0, 23,
       25,  3, 11, 19, 15, 17,  9,  1, 24, 13]), 67)
-=-=-=-=-=-=-=-=-=-=Instances 4=-=-=-=-=-=-=-=-=-=-
(array([ 86,  39,  50,  61,  65,  44,  49, 123,  60,  54,  52,  69,  62,
        31,  20,  56,  97,  91,   1,  46,  88,  43, 111,   2,  32,  12,
        53]), 97)
-=-=-=-=-=-=-=-=-=-=Instances 5=-=-=-=-=-=-=-=-=-=-
(array([ 69,  42,  35,  54, 121,  52,  57, 116,   7,  71,   6,  63,  23,
       109, 125,  30,  82,  64,  24,  66]), 101)
-=-=-=-=-=-=-=-=-=-=Instances 6=-=-=-=-=-=-=-=-=-=-
(array([ 2, 22,  9, 25, 13,  3, 15,  7, 11,  4, 17,  8, 24, 12, 19, 23, 10,
       14,  5, 21, 20,  6, 18,  1, 16,  0, 26]), 103)
-=-=-=-=-=-=-=-=-=-=Instances 7=-=-=-=-=-=-=-=-=-=-
(array([ 47,  93,  27, 106,   7,  90,  22,   5, 115,  73,  32,  82, 124,
        58,  85,  89, 119,  76,  34,  72]), 148)
-=-=-=-=-=-=-=-=-=-=Instances 8=-=-=-=-=-=-=-=-=-=-
(array([ 36, 125,  88,  39, 117,  57,  67,  45,  86,   1, 112,  60,   9,
       109,  44,  23,  99,  92,  72,  35,  22,  38,   0, 108, 116,  98,
        96]), 198)
-=-=-=-=-=-=-=-=-=-=Instances 9=-=-=-=-=-=-=-=-=-=-
(array([16, 24, 22, 23,  3, 12,  7,  2, 15, 21,  9,  8, 17, 10]), 56)
