-=-=-=-=-=-=-=-=-=-=Instances 1=-=-=-=-=-=-=-=-=-=-
(array([15, 11, 17, 22,  6, 26,  9,  2, 19,  4, 12, 23, 13, 10, 25, 20,  1,
       18,  7,  8]), 47)
-=-=-=-=-=-=-=-=-=-=Instances 2=-=-=-=-=-=-=-=-=-=-
(array([101,  89,  49, 106,  16,  11, 110,  21,  62,  63,  29, 109, 114,
        36,  40, 121,  47,  52,  44,  72]), 68)
-=-=-=-=-=-=-=-=-=-=Instances 3=-=-=-=-=-=-=-=-=-=-
(array([ 9,  2, 19, 21, 10,  1, 12, 14, 26, 25,  5, 18, 20, 24,  3,  0, 15,
       13, 17,  8, 23, 16, 22, 11,  7,  6,  4]), 77)
-=-=-=-=-=-=-=-=-=-=Instances 4=-=-=-=-=-=-=-=-=-=-
([42, 101, 76, 23, 33, 104, 1, 89, 113, 7, 40, 57, 102, 47, 112, 71, 106, 60, 49, 58, 86, 124, 28, 14, 53, 96, 51], 87)
