-=-=-=-=-=-=-=-=-=-=Instances 1=-=-=-=-=-=-=-=-=-=-
(array([16,  3, 23,  6, 17, 11,  7, 26,  0,  9,  4, 22,  5, 10, 24, 12, 19,
        1, 20, 15]), 54)
-=-=-=-=-=-=-=-=-=-=Instances 2=-=-=-=-=-=-=-=-=-=-
(array([ 87,  52,  31,  18, 110, 112,  67,  40,  59,  84,  55,  86,  16,
        39,  73,  97,  48,  32, 115,  22]), 81)
-=-=-=-=-=-=-=-=-=-=Instances 3=-=-=-=-=-=-=-=-=-=-
(array([13, 25,  3, 14,  1, 22,  5,  0, 19, 23,  4, 16,  8, 26,  2, 18, 11,
       24,  6, 21,  7,  9, 20, 17, 12, 15, 10]), 72)
-=-=-=-=-=-=-=-=-=-=Instances 1=-=-=-=-=-=-=-=-=-=-
(array([15, 10, 23, 14, 13, 16, 11,  0, 26,  2, 12,  1, 25, 20, 17,  7,  5,
       22,  6,  9]), 48)
-=-=-=-=-=-=-=-=-=-=Instances 2=-=-=-=-=-=-=-=-=-=-
([49, 87, 80, 28, 101, 25, 70, 120, 40, 36, 22, 50, 93, 95, 122, 29, 94, 35, 112, 74], 63)
-=-=-=-=-=-=-=-=-=-=Instances 3=-=-=-=-=-=-=-=-=-=-
(array([16, 14, 19,  3, 20,  7, 22, 17, 12,  1,  4, 25, 23, 21,  0,  2, 15,
        5, 10, 24, 11, 26,  8,  6, 13, 18,  9]), 68)
-=-=-=-=-=-=-=-=-=-=Instances 4=-=-=-=-=-=-=-=-=-=-
(array([ 86,  12,  98,  59,  55,   9, 110,  38,  93,  42,  30, 102,  77,
        35,  19,  28,  80,  92,  46,  60, 103,  27, 101,  37,  48,  61,
        83]), 85)
-=-=-=-=-=-=-=-=-=-=Instances 5=-=-=-=-=-=-=-=-=-=-
([65, 59, 25, 92, 16, 76, 17, 53, 123, 49, 42, 104, 13, 14, 107, 28, 105, 55, 44, 41], 73)
-=-=-=-=-=-=-=-=-=-=Instances 6=-=-=-=-=-=-=-=-=-=-
(array([12, 21, 10,  4, 24, 13,  2,  9, 16, 11, 25,  7,  5, 23,  6,  8, 22,
        0, 19,  3, 18, 20, 17,  1, 26, 14, 15]), 82)
-=-=-=-=-=-=-=-=-=-=Instances 7=-=-=-=-=-=-=-=-=-=-
([112, 30, 126, 24, 120, 63, 113, 46, 73, 53, 31, 48, 107, 40, 97, 85, 95, 58, 80, 89], 100)
-=-=-=-=-=-=-=-=-=-=Instances 8=-=-=-=-=-=-=-=-=-=-
(array([ 55, 104,   9,  77,  43,  98,  19,  13,  20, 107,  15,  36,   1,
       103,  23,  71,  60,  59,  37, 101,  97,  68, 109,  44, 120, 126,
        74]), 145)
-=-=-=-=-=-=-=-=-=-=Instances 9=-=-=-=-=-=-=-=-=-=-
(array([19, 18, 16, 20, 23, 25,  7, 22,  3,  4, 13, 14, 10, 24]), 59)
